#~ 0. 0.0 1.0 -1.0
#~ 1. -1.908607316636335e-07 2.7603204250335693 2.0910532474517822
#~ 2. 0.19509032368659973 0.9807852506637573 -1.0
#~ 3. 0.5385118126869202 2.7072818279266357 2.0910532474517822
#~ 4. 0.3826834559440613 0.9238795042037964 -1.0
#~ 5. 1.0563291311264038 2.550203561782837 2.0910532474517822
#~ 6. 0.5555702447891235 0.8314695954322815 -1.0
#~ 7. 1.5335521697998047 2.2951223850250244 2.0910532474517822
#~ 8. 0.7071067690849304 0.7071067690849304 -1.0
#~ 9. 1.951841950416565 1.9518413543701172 2.0910532474517822
#~ 10. 0.8314696550369263 0.5555701851844788 -1.0
#~ 11. 2.2951231002807617 1.533551573753357 2.0910532474517822
#~ 12. 0.9238795042037964 0.3826834261417389 -1.0
#~ 13. 2.550203800201416 1.0563287734985352 2.0910532474517822
#~ 14. 0.9807852506637573 0.19509035348892212 -1.0
#~ 15. 2.707282066345215 0.5385115742683411 2.0910532474517822
#~ 16. 1.0 7.549790126404332e-08 -1.0
#~ 17. 3.5762720108032227 0.02129381150007248 1.964546799659729
#~ 18. 0.9807853102684021 -0.19509020447731018 -1.0
#~ 19. 2.707282066345215 -0.5385121703147888 2.0910532474517822
#~ 20. 0.9238795638084412 -0.38268327713012695 -1.0
#~ 21. 2.550203800201416 -1.0563292503356934 2.0910532474517822
#~ 22. 0.8314696550369263 -0.5555701851844788 -1.0
#~ 23. 2.2951231002807617 -1.533552885055542 2.0910532474517822
#~ 24. 0.7071067690849304 -0.7071067690849304 -1.0
#~ 25. 1.951841950416565 -1.9518423080444336 2.0910532474517822
#~ 26. 0.5555701851844788 -0.8314696550369263 -1.0
#~ 27. 1.5335520505905151 -2.295124053955078 2.0910532474517822
#~ 28. 0.38268327713012695 -0.9238796234130859 -1.0
#~ 29. 1.056328535079956 -2.5502049922943115 2.0910532474517822
#~ 30. 0.19509008526802063 -0.9807853102684021 -1.0
#~ 31. 0.5385111570358276 -2.7072830200195312 2.0910532474517822
#~ 32. -3.2584136988589307e-07 -1.0 -1.0
#~ 33. -1.090287696570158e-06 -2.760321855545044 2.0910532474517822
#~ 34. -0.19509072601795197 -0.9807851910591125 -1.0
#~ 35. -0.5385132431983948 -2.707282781600952 2.0910532474517822
#~ 36. -0.3826838731765747 -0.9238793253898621 -1.0
#~ 37. -1.056330680847168 -2.550204277038574 2.0910532474517822
#~ 38. -0.5555707216262817 -0.8314692974090576 -1.0
#~ 39. -1.5335537195205688 -2.2951228618621826 2.0910532474517822
#~ 40. -0.7071072459220886 -0.707106351852417 -1.0
#~ 41. -1.951843023300171 -1.9518412351608276 2.0910532474517822
#~ 42. -0.8314700126647949 -0.5555696487426758 -1.0
#~ 43. -2.2951245307922363 -1.5335513353347778 2.0910532474517822
#~ 44. -0.923879861831665 -0.3826826810836792 -1.0
#~ 45. -2.550205707550049 -1.0563275814056396 2.0910532474517822
#~ 46. -0.9807854294776917 -0.1950894594192505 -1.0
#~ 47. -2.7072832584381104 -0.5385100841522217 2.0910532474517822
#~ 48. -1.0 9.655991561885457e-07 -1.0
#~ 49. -2.760321855545044 2.1945663775113644e-06 2.0910532474517822
#~ 50. -0.980785071849823 0.1950913518667221 -1.0
#~ 51. -2.707282066345215 0.5385143160820007 2.0910532474517822
#~ 52. -0.923879086971283 0.38268446922302246 -1.0
#~ 53. -2.550203323364258 1.0563316345214844 2.0910532474517822
#~ 54. -0.831468939781189 0.5555712580680847 -1.0
#~ 55. -2.295121431350708 1.5335545539855957 2.0910532474517822
#~ 56. -0.7071058750152588 0.707107663154602 -1.0
#~ 57. -1.9518393278121948 1.9518437385559082 2.0910532474517822
#~ 58. -0.5555691123008728 0.8314703702926636 -1.0
#~ 59. -1.5335495471954346 2.2951245307922363 2.0910532474517822
#~ 60. -0.38268208503723145 0.9238801002502441 -1.0
#~ 61. -1.0563256740570068 2.5502054691314697 2.0910532474517822
#~ 62. -0.19508881866931915 0.9807855486869812 -1.0
#~ 63. -0.5385079979896545 2.707282543182373 2.0910532474517822
#~ 64. -1.502172608525143e-09 1.0167235136032104 -0.8094134330749512
#~ 65. 0.19835291802883148 0.9971873760223389 -0.8094134330749512
#~ 66. 0.38908329606056213 0.939329981803894 -0.8094134330749512
#~ 67. 0.5648613572120667 0.8453746438026428 -0.8094134330749512
#~ 68. 0.7189320921897888 0.718932032585144 -0.8094134330749512
#~ 69. 0.8453747630119324 0.5648612380027771 -0.8094134330749512
#~ 70. 0.9393300414085388 0.38908323645591736 -0.8094134330749512
#~ 71. 0.9971874356269836 0.19835296273231506 -0.8094134330749512
#~ 72. 1.0167235136032104 7.386806544218416e-08 -0.8094134330749512
#~ 73. 0.9971875548362732 -0.19835279881954193 -0.8094134330749512
#~ 74. 0.9393301010131836 -0.3890831172466278 -0.8094134330749512
#~ 75. 0.8453747630119324 -0.5648612976074219 -0.8094134330749512
#~ 76. 0.718932032585144 -0.7189320921897888 -0.8094134330749512
#~ 77. 0.5648612380027771 -0.8453747630119324 -0.8094134330749512
#~ 78. 0.38908305764198303 -0.9393301010131836 -0.8094134330749512
#~ 79. 0.1983526647090912 -0.9971875548362732 -0.8094134330749512
#~ 80. -3.327927800000907e-07 -1.016723394393921 -0.8094134330749512
#~ 81. -0.1983533352613449 -0.9971873760223389 -0.8094134330749512
#~ 82. -0.3890836834907532 -0.9393298625946045 -0.8094134330749512
#~ 83. -0.5648618340492249 -0.8453744053840637 -0.8094134330749512
#~ 84. -0.718932569026947 -0.7189316749572754 -0.8094134330749512
#~ 85. -0.845375120639801 -0.5648607015609741 -0.8094134330749512
#~ 86. -0.9393303394317627 -0.3890824615955353 -0.8094134330749512
#~ 87. -0.9971876740455627 -0.19835203886032104 -0.8094134330749512
#~ 88. -1.016723394393921 9.788549277800485e-07 -0.8094134330749512
#~ 89. -0.9971873164176941 0.19835396111011505 -0.8094134330749512
#~ 90. -0.9393296241760254 0.3890843093395233 -0.8094134330749512
#~ 91. -0.8453740477561951 0.5648623704910278 -0.8094134330749512
#~ 92. -0.7189311981201172 0.7189329862594604 -0.8094134330749512
#~ 93. -0.5648602247238159 0.8453754782676697 -0.8094134330749512
#~ 94. -0.3890818655490875 0.9393305778503418 -0.8094134330749512
#~ 95. -0.1983513981103897 0.9971877336502075 -0.8094134330749512
#~ 96. 0.206149160861969 1.0363818407058716 -0.9205889105796814
#~ 97. 0.40437620878219604 0.9762503504753113 -0.9205889105796814
#~ 98. 0.587063193321228 0.8786020278930664 -0.9205889105796814
#~ 99. 0.7471897006034851 0.7471895813941956 -0.9205889105796814
#~ 100. 0.878602147102356 0.5870630741119385 -0.9205889105796814
#~ 101. 0.9762503504753113 0.4043761193752289 -0.9205889105796814
#~ 102. 1.0363819599151611 0.20614919066429138 -0.9205889105796814
#~ 103. 1.0566858053207397 6.197444690769771e-08 -0.9205889105796814
#~ 104. 1.0363819599151611 -0.20614905655384064 -0.9205889105796814
#~ 105. 0.9762504696846008 -0.4043760299682617 -0.9205889105796814
#~ 106. 0.878602147102356 -0.5870631337165833 -0.9205889105796814
#~ 107. 0.7471896409988403 -0.7471897006034851 -0.9205889105796814
#~ 108. 0.5870630741119385 -0.878602147102356 -0.9205889105796814
#~ 109. 0.40437594056129456 -0.9762505292892456 -0.9205889105796814
#~ 110. 0.2061489075422287 -1.0363819599151611 -0.9205889105796814
#~ 111. -3.491483084872016e-07 -1.0566856861114502 -0.9205889105796814
#~ 112. -0.2061496078968048 -1.036381721496582 -0.9205889105796814
#~ 113. -0.4043766260147095 -0.976250171661377 -0.9205889105796814
#~ 114. -0.587063729763031 -0.8786017894744873 -0.9205889105796814
#~ 115. -0.7471901774406433 -0.7471892833709717 -0.9205889105796814
#~ 116. -0.8786025047302246 -0.5870625376701355 -0.9205889105796814
#~ 117. -0.9762507081031799 -0.4043753445148468 -0.9205889105796814
#~ 118. -1.0363819599151611 -0.20614826679229736 -0.9205889105796814
#~ 119. -1.0566856861114502 1.002531803351303e-06 -0.9205889105796814
#~ 120. -1.0363816022872925 0.20615023374557495 -0.9205889105796814
#~ 121. -0.9762499928474426 0.4043772518634796 -0.9205889105796814
#~ 122. -0.8786013722419739 0.5870642066001892 -0.9205889105796814
#~ 123. -0.7471887469291687 0.7471905946731567 -0.9205889105796814
#~ 124. -0.5870620012283325 0.8786028623580933 -0.9205889105796814
#~ 125. -0.40437471866607666 0.976250946521759 -0.9205889105796814
#~ 126. -0.20614758133888245 1.0363820791244507 -0.9205889105796814
#~ 127. -4.8363872906520555e-09 1.0566858053207397 -0.9205889105796814
#~ 128. -4.7204586905991164e-08 1.73225998878479 -0.482197642326355
#~ 129. 0.33794718980789185 1.6989750862121582 -0.482197642326355
#~ 130. 0.6629073619842529 1.6003994941711426 -0.482197642326355
#~ 131. 0.9623923301696777 1.4403215646743774 -0.482197642326355
#~ 132. 1.2248929738998413 1.2248928546905518 -0.482197642326355
#~ 133. 1.4403218030929565 0.9623919129371643 -0.482197642326355
#~ 134. 1.6003998517990112 0.662907063961029 -0.482197642326355
#~ 135. 1.6989753246307373 0.3379471004009247 -0.4821978211402893
#~ 136. 1.7322602272033691 -8.92547902253682e-08 -0.4821978211402893
#~ 137. 1.6989754438400269 -0.33794721961021423 -0.4821978211402893
#~ 138. 1.6003998517990112 -0.6629073619842529 -0.482197642326355
#~ 139. 1.4403218030929565 -0.9623924493789673 -0.4821978211402893
#~ 140. 1.2248928546905518 -1.2248932123184204 -0.4821978211402893
#~ 141. 0.9623920321464539 -1.4403220415115356 -0.4821978211402893
#~ 142. 0.6629069447517395 -1.6004002094268799 -0.482197642326355
#~ 143. 0.3379467725753784 -1.698975920677185 -0.482197642326355
#~ 144. -6.11646726156323e-07 -1.7322604656219482 -0.482197642326355
#~ 145. -0.33794793486595154 -1.6989754438400269 -0.482197642326355
#~ 146. -0.662908136844635 -1.6003998517990112 -0.482197642326355
#~ 147. -0.9623932242393494 -1.440321445465088 -0.482197642326355
#~ 148. -1.2248939275741577 -1.224892497062683 -0.482197642326355
#~ 149. -1.4403226375579834 -0.9623914361000061 -0.482197642326355
#~ 150. -1.600400447845459 -0.6629062294960022 -0.4821978211402893
#~ 151. -1.6989758014678955 -0.33794593811035156 -0.4821978211402893
#~ 152. -1.7322602272033691 1.4526322047458962e-06 -0.482197642326355
#~ 153. -1.6989750862121582 0.3379487991333008 -0.4821978211402893
#~ 154. -1.600399136543274 0.6629088521003723 -0.4821978211402893
#~ 155. -1.4403208494186401 0.9623938798904419 -0.4821978211402893
#~ 156. -1.2248916625976562 1.224894404411316 -0.482197642326355
#~ 157. -0.9623904228210449 1.4403228759765625 -0.482197642326355
#~ 158. -0.6629050374031067 1.6004005670547485 -0.482197642326355
#~ 159. -0.3379446864128113 1.698975682258606 -0.482197642326355
#~ 160. -8.49470396246943e-08 2.247431755065918 -0.13186702132225037
#~ 161. 0.43845218420028687 2.2042477130889893 -0.13186702132225037
#~ 162. 0.8600550293922424 2.0763559341430664 -0.13186702132225037
#~ 163. 1.2486063241958618 1.868671178817749 -0.13186702132225037
#~ 164. 1.5891743898391724 1.5891741514205933 -0.13186702132225037
#~ 165. 1.8686715364456177 1.248605728149414 -0.13186702132225037
#~ 166. 2.0763564109802246 0.860054612159729 -0.13186702132225037
#~ 167. 2.2042481899261475 0.43845200538635254 -0.1318671703338623
#~ 168. 2.247431993484497 -1.965720173302543e-07 -0.1318671703338623
#~ 169. 2.2042481899261475 -0.4384523332118988 -0.1318671703338623
#~ 170. 2.0763564109802246 -0.860055148601532 -0.13186702132225037
#~ 171. 1.8686715364456177 -1.24860680103302 -0.1318671703338623
#~ 172. 1.5891742706298828 -1.589174747467041 -0.1318671703338623
#~ 173. 1.2486059665679932 -1.8686718940734863 -0.1318671703338623
#~ 174. 0.8600544929504395 -2.076357126235962 -0.13186702132225037
#~ 175. 0.4384516179561615 -2.2042489051818848 -0.13186702132225037
#~ 176. -8.172535217454424e-07 -2.2474324703216553 -0.13186702132225037
#~ 177. -0.43845322728157043 -2.2042484283447266 -0.13186702132225037
#~ 178. -0.8600560426712036 -2.0763564109802246 -0.13186702132225037
#~ 179. -1.2486076354980469 -1.868671178817749 -0.13186702132225037
#~ 180. -1.5891755819320679 -1.5891737937927246 -0.13186702132225037
#~ 181. -1.8686726093292236 -1.2486053705215454 -0.13186702132225037
#~ 182. -2.076357126235962 -0.8600537180900574 -0.1318671703338623
#~ 183. -2.2042486667633057 -0.4384506642818451 -0.1318671703338623
#~ 184. -2.247431993484497 1.8038699636235833e-06 -0.13186702132225037
#~ 185. -2.2042479515075684 0.43845421075820923 -0.1318671703338623
#~ 186. -2.076355457305908 0.8600569367408752 -0.1318671703338623
#~ 187. -1.8686703443527222 1.2486083507537842 -0.1318671703338623
#~ 188. -1.5891727209091187 1.5891761779785156 -0.13186702132225037
#~ 189. -1.2486040592193604 1.8686728477478027 -0.13186702132225037
#~ 190. -0.8600521087646484 2.076357364654541 -0.13186702132225037
#~ 191. -0.4384489953517914 2.2042484283447266 -0.13186702132225037
#~ 192. -9.64143964665709e-08 2.3578085899353027 0.3243255615234375
#~ 193. 0.4599856436252594 2.3125038146972656 0.32432571053504944
#~ 194. 0.9022944569587708 2.178330898284912 0.32432571053504944
#~ 195. 1.3099284172058105 1.9604462385177612 0.32432571053504944
#~ 196. 1.6672227382659912 1.667222499847412 0.32432571053504944
#~ 197. 1.9604465961456299 1.3099278211593628 0.32432571053504944
#~ 198. 2.1783313751220703 0.9022940397262573 0.32432571053504944
#~ 199. 2.312504529953003 0.4599854648113251 0.3243255615234375
#~ 200. 2.357809066772461 -2.1443733544401766e-07 0.3243255615234375
#~ 201. 2.312504529953003 -0.4599858522415161 0.3243255615234375
#~ 202. 2.1783313751220703 -0.9022945761680603 0.32432571053504944
#~ 203. 1.9604465961456299 -1.3099288940429688 0.3243255615234375
#~ 204. 1.6672226190567017 -1.6672232151031494 0.3243255615234375
#~ 205. 1.3099281787872314 -1.9604469537734985 0.3243255615234375
#~ 206. 0.9022939205169678 -2.1783323287963867 0.32432571053504944
#~ 207. 0.45998507738113403 -2.3125052452087402 0.32432571053504944
#~ 208. -8.646862852401682e-07 -2.357809543609619 0.32432571053504944
#~ 209. -0.45998674631118774 -2.312504768371582 0.32432571053504944
#~ 210. -0.9022955894470215 -2.1783313751220703 0.32432571053504944
#~ 211. -1.3099298477172852 -1.9604462385177612 0.32432571053504944
#~ 212. -1.6672240495681763 -1.6672221422195435 0.32432571053504944
#~ 213. -1.9604477882385254 -1.3099274635314941 0.32432571053504944
#~ 214. -2.1783320903778076 -0.9022931456565857 0.3243255615234375
#~ 215. -2.312505006790161 -0.45998409390449524 0.3243255615234375
#~ 216. -2.357809066772461 1.8842513327399502e-06 0.32432571053504944
#~ 217. -2.312504291534424 0.4599877893924713 0.3243255615234375
#~ 218. -2.178330421447754 0.9022964835166931 0.3243255615234375
#~ 219. -1.9604454040527344 1.3099305629730225 0.3243255615234375
#~ 220. -1.667220950126648 1.6672245264053345 0.32432571053504944
#~ 221. -1.3099260330200195 1.9604480266571045 0.32432571053504944
#~ 222. -0.9022914171218872 2.1783323287963867 0.32432571053504944
#~ 223. -0.459982305765152 2.312504768371582 0.32432571053504944
#~ 224. -1.0890910573380097e-07 2.375281810760498 1.0606906414031982
#~ 225. 0.4633944630622864 2.329641342163086 1.0606906414031982
#~ 226. 0.9089811444282532 2.1944739818573 1.0606906414031982
#~ 227. 1.3196359872817993 1.974974513053894 1.0606906414031982
#~ 228. 1.6795780658721924 1.6795777082443237 1.0606906414031982
#~ 229. 1.9749749898910522 1.3196353912353516 1.0606906414031982
#~ 230. 2.194474458694458 0.9089807868003845 1.0606906414031982
#~ 231. 2.329641819000244 0.46339431405067444 1.0606906414031982
#~ 232. 2.3752822875976562 -2.0941334355484287e-07 1.0606906414031982
#~ 233. 2.329641819000244 -0.4633947014808655 1.0606906414031982
#~ 234. 2.194474458694458 -0.9089812636375427 1.0606906414031982
#~ 235. 1.9749749898910522 -1.319636583328247 1.0606906414031982
#~ 236. 1.6795780658721924 -1.6795786619186401 1.0606906414031982
#~ 237. 1.3196357488632202 -1.9749754667282104 1.0606906414031982
#~ 238. 0.908980667591095 -2.1944754123687744 1.0606906414031982
#~ 239. 0.4633939266204834 -2.3296425342559814 1.0606906414031982
#~ 240. -8.82874473973061e-07 -2.3752827644348145 1.0606906414031982
#~ 241. -0.4633956253528595 -2.3296420574188232 1.0606906414031982
#~ 242. -0.9089822769165039 -2.194474458694458 1.0606906414031982
#~ 243. -1.319637417793274 -1.9749746322631836 1.0606906414031982
#~ 244. -1.6795793771743774 -1.6795775890350342 1.0606906414031982
#~ 245. -1.9749760627746582 -1.319635033607483 1.0606906414031982
#~ 246. -2.1944754123687744 -0.9089797735214233 1.0606906414031982
#~ 247. -2.3296422958374023 -0.4633929133415222 1.0606906414031982
#~ 248. -2.3752822875976562 1.9048281956202118e-06 1.0606906414031982
#~ 249. -2.329641580581665 0.46339666843414307 1.0606906414031982
#~ 250. -2.1944737434387207 0.9089831709861755 1.0606906414031982
#~ 251. -1.9749737977981567 1.3196381330490112 1.0606906414031982
#~ 252. -1.6795762777328491 1.6795798540115356 1.0606906414031982
#~ 253. -1.3196336030960083 1.9749763011932373 1.0606906414031982
#~ 254. -0.9089780449867249 2.1944756507873535 1.0606906414031982
#~ 255. -0.46339112520217896 2.3296420574188232 1.0606906414031982
#~ 256. -1.1352808826359251e-07 2.248814344406128 1.545141339302063
#~ 257. 0.4387210011482239 2.205604076385498 1.5460405349731445
#~ 258. 0.8605823516845703 2.0776336193084717 1.546905279159546
#~ 259. 1.249371886253357 1.8698207139968872 1.5477021932601929
#~ 260. 1.5901488065719604 1.5901519060134888 1.548400640487671
#~ 261. 1.8698172569274902 1.2493739128112793 1.5489739179611206
#~ 262. 2.077629566192627 0.8605839014053345 1.5493998527526855
#~ 263. 2.205599784851074 0.43872177600860596 1.5496622323989868
#~ 264. 2.248810291290283 -1.7439498378735152e-07 1.549750804901123
#~ 265. 2.205599784851074 -0.4387221336364746 1.5496622323989868
#~ 266. 2.077629566192627 -0.8605843186378479 1.5493998527526855
#~ 267. 1.8698172569274902 -1.2493749856948853 1.5489739179611206
#~ 268. 1.5901488065719604 -1.590152621269226 1.548400640487671
#~ 269. 1.2493717670440674 -1.8698217868804932 1.5477021932601929
#~ 270. 0.8605819940567017 -2.077634811401367 1.546905279159546
#~ 271. 0.4387204647064209 -2.2056052684783936 1.5460405349731445
#~ 272. -8.475221875414718e-07 -2.2488152980804443 1.545141339302063
#~ 273. -0.4387221038341522 -2.2056050300598145 1.5442421436309814
#~ 274. -0.860583484172821 -2.07763409614563 1.54337739944458
#~ 275. -1.249373197555542 -1.8698209524154663 1.542580485343933
#~ 276. -1.590149998664856 -1.5901517868041992 1.541882038116455
#~ 277. -1.8698183298110962 -1.2493737936019897 1.5413087606430054
#~ 278. -2.0776307582855225 -0.8605828881263733 1.5408828258514404
#~ 279. -2.2056005001068115 -0.4387204349040985 1.5406204462051392
#~ 280. -2.248810291290283 1.8285164742337656e-06 1.540531873703003
#~ 281. -2.205599784851074 0.43872401118278503 1.5406204462051392
#~ 282. -2.0776290893554688 0.8605861663818359 1.5408828258514404
#~ 283. -1.8698160648345947 1.2493764162063599 1.5413087606430054
#~ 284. -1.5901470184326172 1.5901538133621216 1.541882038116455
#~ 285. -1.2493696212768555 1.8698225021362305 1.542580485343933
#~ 286. -0.8605794906616211 2.0776350498199463 1.54337739944458
#~ 287. -0.4387178421020508 2.2056047916412354 1.5442421436309814
#~ 288. -1.0724974686127098e-07 2.156278371810913 1.7583454847335815
#~ 289. 0.42066842317581177 2.1148462295532227 1.7589409351348877
#~ 290. 0.8251709938049316 1.992141604423523 1.7595133781433105
#~ 291. 1.1979626417160034 1.7928798198699951 1.7600408792495728
#~ 292. 1.524717092514038 1.524718999862671 1.7605034112930298
#~ 293. 1.7928776741027832 1.1979635953903198 1.76088285446167
#~ 294. 1.9921388626098633 0.8251718878746033 1.761164903640747
#~ 295. 2.1148433685302734 0.42066890001296997 1.7613385915756226
#~ 296. 2.156275749206543 -1.5429051813953265e-07 1.761397123336792
#~ 297. 2.1148433685302734 -0.42066922783851624 1.7613385915756226
#~ 298. 1.9921388626098633 -0.8251723051071167 1.761164903640747
#~ 299. 1.7928776741027832 -1.1979647874832153 1.76088285446167
#~ 300. 1.524717092514038 -1.5247197151184082 1.7605034112930298
#~ 301. 1.1979624032974243 -1.7928810119628906 1.7600408792495728
#~ 302. 0.8251705765724182 -1.9921424388885498 1.7595133781433105
#~ 303. 0.4206679165363312 -2.114847183227539 1.7589409351348877
#~ 304. -8.106736686386284e-07 -2.1562793254852295 1.7583454847335815
#~ 305. -0.4206695258617401 -2.11484694480896 1.7577502727508545
#~ 306. -0.8251720070838928 -1.9921419620513916 1.7571778297424316
#~ 307. -1.1979637145996094 -1.7928800582885742 1.7566502094268799
#~ 308. -1.524718165397644 -1.5247188806533813 1.7561877965927124
#~ 309. -1.7928787469863892 -1.1979634761810303 1.7558083534240723
#~ 310. -1.9921399354934692 -0.8251709342002869 1.7555261850357056
#~ 311. -2.1148440837860107 -0.4206676185131073 1.75535249710083
#~ 312. -2.156275749206543 1.7658358046901412e-06 1.7552939653396606
#~ 313. -2.1148433685302734 0.4206710457801819 1.75535249710083
#~ 314. -1.992138385772705 0.82517409324646 1.7555261850357056
#~ 315. -1.7928764820098877 1.19796621799469 1.7558083534240723
#~ 316. -1.5247154235839844 1.5247209072113037 1.7561877965927124
#~ 317. -1.197960376739502 1.7928816080093384 1.7566502094268799
#~ 318. -0.825168251991272 1.992142677307129 1.7571778297424316
#~ 319. -0.4206653833389282 2.114846706390381 1.7577502727508545
#~ 320. 1.0199507016750431e-08 0.9046798944473267 -1.0
#~ 321. 0.176494300365448 0.887296736240387 -1.0
#~ 322. 0.34620603919029236 0.8358152508735657 -1.0
#~ 323. 0.5026132464408875 0.7522138357162476 -1.0
#~ 324. 0.6397053003311157 0.6397053003311157 -1.0
#~ 325. 0.7522138953208923 0.5026131868362427 -1.0
#~ 326. 0.8358152508735657 0.34620603919029236 -1.0
#~ 327. 0.887296736240387 0.17649434506893158 -1.0
#~ 328. 0.9046798944473267 9.632789499391947e-08 -1.0
#~ 329. 0.887296736240387 -0.17649415135383606 -1.0
#~ 330. 0.8358152508735657 -0.34620583057403564 -1.0
#~ 331. 0.7522138953208923 -0.5026131272315979 -1.0
#~ 332. 0.6397053003311157 -0.639705240726471 -1.0
#~ 333. 0.5026131868362427 -0.7522138357162476 -1.0
#~ 334. 0.3462058901786804 -0.8358153104782104 -1.0
#~ 335. 0.17649409174919128 -0.887296736240387 -1.0
#~ 336. -2.8458259748731507e-07 -0.9046798348426819 -1.0
#~ 337. -0.17649464309215546 -0.8872966170310974 -1.0
#~ 338. -0.346206396818161 -0.8358150124549866 -1.0
#~ 339. -0.5026136636734009 -0.7522135376930237 -1.0
#~ 340. -0.6397057175636292 -0.6397048830986023 -1.0
#~ 341. -0.7522141933441162 -0.5026126503944397 -1.0
#~ 342. -0.8358155488967896 -0.34620529413223267 -1.0
#~ 343. -0.8872968554496765 -0.17649348080158234 -1.0
#~ 344. -0.9046798944473267 9.015845989779336e-07 -1.0
#~ 345. -0.8872964978218079 0.1764952540397644 -1.0
#~ 346. -0.8358148336410522 0.3462069630622864 -1.0
#~ 347. -0.7522132396697998 0.5026142001152039 -1.0
#~ 348. -0.6397044658660889 0.6397061347961426 -1.0
#~ 349. -0.5026121735572815 0.7522145509719849 -1.0
#~ 350. -0.3462047874927521 0.8358157873153687 -1.0
#~ 351. -0.17649291455745697 0.8872969746589661 -1.0
#~ 352. 3.454300667726784e-08 0.6704213619232178 -0.9349831938743591
#~ 353. 0.1307927370071411 0.657539427280426 -0.9349831938743591
#~ 354. 0.2565591633319855 0.6193885803222656 -0.9349831938743591
#~ 355. 0.37246614694595337 0.5574349761009216 -0.9349831938743591
#~ 356. 0.47405946254730225 0.474059522151947 -0.9349831938743591
#~ 357. 0.5574349761009216 0.37246617674827576 -0.9349831938743591
#~ 358. 0.6193885207176208 0.25655922293663025 -0.9349831938743591
#~ 359. 0.6575393676757812 0.13079282641410828 -0.9349831938743591
#~ 360. 0.670421302318573 1.4896529876295972e-07 -0.9349831938743591
#~ 361. 0.6575393676757812 -0.1307925283908844 -0.9349831938743591
#~ 362. 0.6193885207176208 -0.25655892491340637 -0.9349831938743591
#~ 363. 0.5574349761009216 -0.37246596813201904 -0.9349831938743591
#~ 364. 0.47405946254730225 -0.4740593433380127 -0.9349831938743591
#~ 365. 0.3724660873413086 -0.5574348568916321 -0.9349831938743591
#~ 366. 0.2565590441226959 -0.6193884611129761 -0.9349831938743591
#~ 367. 0.13079258799552917 -0.6575392484664917 -0.9349831938743591
#~ 368. -1.8390795730738319e-07 -0.6704211831092834 -0.9349831938743591
#~ 369. -0.13079294562339783 -0.6575391888618469 -0.9349831938743591
#~ 370. -0.2565593719482422 -0.6193882822990417 -0.9349831938743591
#~ 371. -0.37246644496917725 -0.557434618473053 -0.9349831938743591
#~ 372. -0.4740597605705261 -0.4740590751171112 -0.9349831938743591
#~ 373. -0.557435154914856 -0.3724656105041504 -0.9349831938743591
#~ 374. -0.6193886995315552 -0.25655850768089294 -0.9349831938743591
#~ 375. -0.657539427280426 -0.1307920217514038 -0.9349831938743591
#~ 376. -0.6704212427139282 7.45708121030475e-07 -0.9349831938743591
#~ 377. -0.6575391292572021 0.130793496966362 -0.9349831938743591
#~ 378. -0.6193881630897522 0.25655990839004517 -0.9349831938743591
#~ 379. -0.5574344396591187 0.37246692180633545 -0.9349831938743591
#~ 380. -0.4740588366985321 0.47406014800071716 -0.9349831938743591
#~ 381. -0.3724653422832489 0.5574355125427246 -0.9349831938743591
#~ 382. -0.2565581798553467 0.619388997554779 -0.9349831938743591
#~ 383. -0.13079166412353516 0.6575396060943604 -0.9349831938743591
#~ 384. 7.453402872670267e-08 0.2906581163406372 -0.881237268447876
#~ 385. 0.05670461058616638 0.2850731909275055 -0.881237268447876
#~ 386. 0.11123001575469971 0.2685330808162689 -0.881237268447876
#~ 387. 0.16148093342781067 0.24167340993881226 -0.881237268447876
#~ 388. 0.2055262327194214 0.20552635192871094 -0.881237268447876
#~ 389. 0.24167326092720032 0.1614810675382614 -0.881237268447876
#~ 390. 0.268532931804657 0.11123016476631165 -0.881237268447876
#~ 391. 0.28507304191589355 0.056704774498939514 -0.881237268447876
#~ 392. 0.2906579375267029 2.448385885145399e-07 -0.881237268447876
#~ 393. 0.28507304191589355 -0.05670428276062012 -0.881237268447876
#~ 394. 0.268532931804657 -0.11122968792915344 -0.881237268447876
#~ 395. 0.24167326092720032 -0.1614806354045868 -0.881237268447876
#~ 396. 0.2055262327194214 -0.2055259346961975 -0.881237268447876
#~ 397. 0.16148090362548828 -0.24167299270629883 -0.881237268447876
#~ 398. 0.11122997105121613 -0.2685326337814331 -0.881237268447876
#~ 399. 0.056704550981521606 -0.2850727140903473 -0.881237268447876
#~ 400. -2.0174326209598803e-08 -0.290657639503479 -0.881237268447876
#~ 401. -0.056704580783843994 -0.2850727140903473 -0.881237268447876
#~ 402. -0.11123001575469971 -0.26853257417678833 -0.881237268447876
#~ 403. -0.16148094832897186 -0.24167287349700928 -0.881237268447876
#~ 404. -0.2055262327194214 -0.20552584528923035 -0.881237268447876
#~ 405. -0.24167323112487793 -0.16148047149181366 -0.881237268447876
#~ 406. -0.2685328722000122 -0.11122950911521912 -0.881237268447876
#~ 407. -0.285072922706604 -0.05670405924320221 -0.881237268447876
#~ 408. -0.29065778851509094 5.035535082242859e-07 -0.881237268447876
#~ 409. -0.28507280349731445 0.0567050576210022 -0.881237268447876
#~ 410. -0.2685326337814331 0.11123046278953552 -0.881237268447876
#~ 411. -0.24167293310165405 0.16148138046264648 -0.881237268447876
#~ 412. -0.20552584528923035 0.20552662014961243 -0.881237268447876
#~ 413. -0.16148047149181366 0.24167361855506897 -0.881237268447876
#~ 414. -0.11122949421405792 0.26853325963020325 -0.881237268447876
#~ 415. -0.05670402944087982 0.28507328033447266 -0.881237268447876
#~ 416. 1.0263509153674022e-07 0.0017524841241538525 -0.8812373876571655
#~ 417. -0.00034173205494880676 0.0017188074998557568 -0.8812373876571655
#~ 418. -0.0006704255938529968 0.001619118731468916 -0.8812373876571655
#~ 419. -0.0009733587503433228 0.0014571878127753735 -0.8812373876571655
#~ 420. -0.0012388676404953003 0.0012392881326377392 -0.8812373876571655
#~ 421. -0.0014567822217941284 0.0009737644577398896 -0.8812373876571655
#~ 422. -0.001618713140487671 0.0006708313012495637 -0.8812373876571655
#~ 423. -0.0017184019088745117 0.0003421377041377127 -0.8812373876571655
#~ 424. -0.0017520785331726074 3.049857753012475e-07 -0.8812373876571655
#~ 425. -0.0017184019088745117 -0.00034152757143601775 -0.8812373876571655
#~ 426. -0.001618713140487671 -0.0006702210521325469 -0.8812373876571655
#~ 427. -0.0014567822217941284 -0.0009731467580422759 -0.8812373876571655
#~ 428. -0.0012388676404953003 -0.0012386706657707691 -0.8812373876571655
#~ 429. -0.0009733587503433228 -0.0014565852470695972 -0.8812373876571655
#~ 430. -0.0006704255938529968 -0.001618486363440752 -0.8812373876571655
#~ 431. -0.0003417283296585083 -0.0017182049341499805 -0.8812373876571655
#~ 432. 1.0320601973035082e-07 -0.0017518815584480762 -0.8812373876571655
#~ 433. 0.00034193694591522217 -0.0017182049341499805 -0.8812373876571655
#~ 434. 0.0006706342101097107 -0.001618486363440752 -0.8812373876571655
#~ 435. 0.0009735673666000366 -0.0014565703459084034 -0.8812373876571655
#~ 436. 0.0012390762567520142 -0.0012386706657707691 -0.8812373876571655
#~ 437. 0.0014569908380508423 -0.0009731467580422759 -0.8812373876571655
#~ 438. 0.001618891954421997 -0.0006702210521325469 -0.8812373876571655
#~ 439. 0.0017186105251312256 -0.00034152757143601775 -0.8812373876571655
#~ 440. 0.0017522871494293213 3.065453881845315e-07 -0.8812373876571655
#~ 441. 0.0017186105251312256 0.0003421414294280112 -0.8812373876571655
#~ 442. 0.001618891954421997 0.0006708387518301606 -0.8812373876571655
#~ 443. 0.0014569908380508423 0.0009737644577398896 -0.8812373876571655
#~ 444. 0.0012390762567520142 0.0012392881326377392 -0.8812373876571655
#~ 445. 0.0009735524654388428 0.0014571878127753735 -0.8812373876571655
#~ 446. 0.0006706267595291138 0.001619118731468916 -0.8812373876571655
#~ 447. 0.0003419332206249237 0.0017188074998557568 -0.8812373876571655
#~ 448. -1.571283405610302e-07 2.1542885303497314 2.0910534858703613
#~ 449. 0.4202808439731598 2.1128945350646973 2.0910534858703613
#~ 450. 0.824410617351532 1.9903031587600708 2.0910534858703613
#~ 451. 1.1968587636947632 1.7912254333496094 2.0910534858703613
#~ 452. 1.5233124494552612 1.5233120918273926 2.0910534858703613
#~ 453. 1.791225790977478 1.1968584060668945 2.0910534858703613
#~ 454. 1.9903031587600708 0.8244104385375977 2.0910534858703613
#~ 455. 2.1128947734832764 0.42028072476387024 2.0910534858703613
#~ 456. 2.655062675476074 0.11951962858438492 2.0530147552490234
#~ 457. 2.1128947734832764 -0.4202810525894165 2.0910534858703613
#~ 458. 1.9903031587600708 -0.8244107365608215 2.0910534858703613
#~ 459. 1.791225790977478 -1.1968592405319214 2.0910534858703613
#~ 460. 1.5233124494552612 -1.5233126878738403 2.0910534858703613
#~ 461. 1.1968586444854736 -1.7912263870239258 2.0910534858703613
#~ 462. 0.8244101405143738 -1.9903039932250977 2.0910534858703613
#~ 463. 0.4202803373336792 -2.1128954887390137 2.0910534858703613
#~ 464. -8.590849347456242e-07 -2.154289484024048 2.0910534858703613
#~ 465. -0.42028191685676575 -2.1128952503204346 2.0910534858703613
#~ 466. -0.824411928653717 -1.99030339717865 2.0910534858703613
#~ 467. -1.1968599557876587 -1.7912254333496094 2.0910534858703613
#~ 468. -1.523313283920288 -1.5233118534088135 2.0910534858703613
#~ 469. -1.791226863861084 -1.1968580484390259 2.0910534858703613
#~ 470. -1.990304708480835 -0.8244094252586365 2.0910534858703613
#~ 471. -2.1128957271575928 -0.4202794134616852 2.0910534858703613
#~ 472. -2.154289484024048 1.7797513010009425e-06 2.0910534858703613
#~ 473. -2.1128947734832764 0.42028284072875977 2.0910534858703613
#~ 474. -1.9903028011322021 0.8244126439094543 2.0910534858703613
#~ 475. -1.791224479675293 1.196860671043396 2.0910534858703613
#~ 476. -1.5233104228973389 1.5233138799667358 2.0910534858703613
#~ 477. -1.1968567371368408 1.791227102279663 2.0910534858703613
#~ 478. -0.8244080543518066 1.990304708480835 2.0910534858703613
#~ 479. -0.42027783393859863 2.1128950119018555 2.0910534858703613
#~ 480. -1.1473085947955042e-07 1.810908317565918 -0.2806932330131531
#~ 481. 0.3532906770706177 1.7761123180389404 -0.2806932330131531
#~ 482. 0.6930046677589417 1.6730611324310303 -0.2806932330131531
#~ 483. 1.006086826324463 1.5057151317596436 -0.2806932330131531
#~ 484. 1.280505895614624 1.2805055379867554 -0.2806932330131531
#~ 485. 1.5057154893875122 1.0060865879058838 -0.2806932330131531
#~ 486. 1.6730611324310303 0.6930045485496521 -0.2806932330131531
#~ 487. 1.77611243724823 0.3532906174659729 -0.2806932330131531
#~ 488. 1.810908555984497 -6.717652922816342e-08 -0.2806932330131531
#~ 489. 1.77611243724823 -0.3532907962799072 -0.2806932330131531
#~ 490. 1.6730611324310303 -0.6930046677589417 -0.2806932330131531
#~ 491. 1.5057154893875122 -1.0060871839523315 -0.2806932330131531
#~ 492. 1.280505895614624 -1.2805060148239136 -0.2806932330131531
#~ 493. 1.0060867071151733 -1.5057158470153809 -0.2806932330131531
#~ 494. 0.6930042505264282 -1.673061728477478 -0.2806932330131531
#~ 495. 0.35329025983810425 -1.7761127948760986 -0.2806932330131531
#~ 496. -7.047998451525928e-07 -1.8109087944030762 -0.2806932330131531
#~ 497. -0.3532915413379669 -1.7761125564575195 -0.2806932330131531
#~ 498. -0.6930057406425476 -1.6730612516403198 -0.2806932330131531
#~ 499. -1.0060877799987793 -1.505715012550354 -0.2806932330131531
#~ 500. -1.2805064916610718 -1.2805052995681763 -0.2806932330131531
#~ 501. -1.505716323852539 -1.0060862302780151 -0.2806932330131531
#~ 502. -1.6730623245239258 -0.6930035948753357 -0.2806932330131531
#~ 503. -1.7761130332946777 -0.3532894253730774 -0.2806932330131531
#~ 504. -1.8109089136123657 1.544715360068949e-06 -0.2806932330131531
#~ 505. -1.7761121988296509 0.3532923758029938 -0.2806932330131531
#~ 506. -1.6730607748031616 0.6930063962936401 -0.2806932330131531
#~ 507. -1.5057142972946167 1.0060884952545166 -0.2806932330131531
#~ 508. -1.2805041074752808 1.2805070877075195 -0.2806932330131531
#~ 509. -1.0060851573944092 1.5057165622711182 -0.2806932330131531
#~ 510. -0.693002462387085 1.6730624437332153 -0.2806932330131531
#~ 511. -0.35328811407089233 1.776112675666809 -0.2806932330131531
#~ 512. -2.1024224758148193 0.41819971799850464 0.6287458539009094
#~ 513. -1.980437994003296 0.820326566696167 0.6287459135055542
#~ 514. 1.5157623291015625 -1.515762448310852 0.6287458539009094
#~ 515. 1.190926432609558 -1.782348394393921 0.6287459135055542
#~ 516. -1.782346487045288 1.1909284591674805 0.6287459135055542
#~ 517. 0.8203240036964417 -1.980439305305481 0.6287459135055542
#~ 518. -1.5099237771210028e-07 2.143611192703247 0.6287458539009094
#~ 519. 0.41819775104522705 2.1024222373962402 0.6287459135055542
#~ 520. -1.5157603025436401 1.515763759613037 0.6287459135055542
#~ 521. 0.41819727420806885 -2.1024231910705566 0.6287459135055542
#~ 522. 0.8203244805335999 1.980438470840454 0.6287459135055542
#~ 523. -1.1909245252609253 1.7823491096496582 0.6287459135055542
#~ 524. -8.494697567584808e-07 -2.1436119079589844 0.6287459135055542
#~ 525. 1.1909266710281372 1.7823474407196045 0.6287459135055542
#~ 526. -0.8203219771385193 1.9804400205612183 0.6287459135055542
#~ 527. -0.418198823928833 -2.1024229526519775 0.6287459135055542
#~ 528. 1.5157623291015625 1.5157619714736938 0.6287459135055542
#~ 529. -0.4181947410106659 2.1024227142333984 0.6287459135055542
#~ 530. -0.8203257918357849 -1.9804385900497437 0.6287459135055542
#~ 531. 1.7823477983474731 1.190926194190979 0.6287459135055542
#~ 532. -1.1909277439117432 -1.782347321510315 0.6287459135055542
#~ 533. 1.980438470840454 0.8203243017196655 0.6287459135055542
#~ 534. -1.5157629251480103 -1.5157617330551147 0.6287459135055542
#~ 535. 2.1024224758148193 0.4181976914405823 0.6287459135055542
#~ 536. -1.782348871231079 -1.1909259557724 0.6287459135055542
#~ 537. 2.143611431121826 -1.3423601785689243e-07 0.6287459135055542
#~ 538. -1.9804399013519287 -0.8203233480453491 0.6287459135055542
#~ 539. 2.1024224758148193 -0.41819795966148376 0.6287459135055542
#~ 540. -2.1024234294891357 -0.4181963801383972 0.6287459135055542
#~ 541. 1.980438470840454 -0.8203245997428894 0.6287459135055542
#~ 542. -2.1436119079589844 1.7737950201990316e-06 0.6287459135055542
#~ 543. 1.7823477983474731 -1.1909270286560059 0.6287459135055542
#~ 544. 0.4274381399154663 2.1488804817199707 1.6791032552719116
#~ 545. 0.8384502530097961 2.0242011547088623 1.6797853708267212
#~ 546. 1.2172410488128662 1.821732759475708 1.680413842201233
#~ 547. 1.5492539405822754 1.5492563247680664 1.6809649467468262
#~ 548. 1.8217300176620483 1.2172424793243408 1.6814171075820923
#~ 549. 2.024197816848755 0.8384513854980469 1.6817530393600464
#~ 550. 2.1488771438598633 0.42743873596191406 1.6819599866867065
#~ 551. 2.190976142883301 -1.6182968920475105e-07 1.6820297241210938
#~ 552. 2.1488771438598633 -0.4274390637874603 1.6819599866867065
#~ 553. 2.024197816848755 -0.8384518027305603 1.6817530393600464
#~ 554. 1.8217300176620483 -1.2172436714172363 1.6814169883728027
#~ 555. 1.5492539405822754 -1.5492570400238037 1.6809649467468262
#~ 556. 1.2172409296035767 -1.821733832359314 1.680413842201233
#~ 557. 0.8384498953819275 -2.0242021083831787 1.6797853708267212
#~ 558. 0.42743760347366333 -2.148881435394287 1.6791032552719116
#~ 559. -8.2449184901634e-07 -2.1909804344177246 1.6783939599990845
#~ 560. -0.42743924260139465 -2.148881196975708 1.6776847839355469
#~ 561. -0.8384513258934021 -2.0242016315460205 1.6770026683807373
#~ 562. -1.2172422409057617 -1.8217328786849976 1.676374077796936
#~ 563. -1.549255132675171 -1.5492562055587769 1.6758232116699219
#~ 564. -1.8217310905456543 -1.2172422409057617 1.6753710508346558
#~ 565. -2.0241990089416504 -0.8384504318237305 1.675034999847412
#~ 566. -2.1488776206970215 -0.427437424659729 1.6748279333114624
#~ 567. -2.190976142883301 1.7893410131364362e-06 1.6747581958770752
#~ 568. -2.148876905441284 0.427440881729126 1.6748279333114624
#~ 569. -2.0241973400115967 0.8384536504745483 1.675034999847412
#~ 570. -1.8217288255691528 1.217245101928711 1.6753710508346558
#~ 571. -1.5492522716522217 1.5492582321166992 1.6758232116699219
#~ 572. -1.2172389030456543 1.8217344284057617 1.676374077796936
#~ 573. -0.8384474515914917 2.0242021083831787 1.6770026683807373
#~ 574. -0.427435040473938 2.148880958557129 1.6776847839355469
#~ 575. -1.0960412311078471e-07 2.190979480743408 1.6783939599990845
#~ 